1,3
2,6
3,8
4,1
5,1
6,1
7,4
8,1
9,1
10,2
11,1
12,26
13,1
14,1
15,2
16,algebra
17,3
18,1
19,1
20,1
21,1
22,2
23,1
24,3
25,1
26,1
27,7
28,2
29,1
30,3
31,2
32,2
33,2
34,4
35,1
36,1
37,3
38,2
39,1
40,1
41,2
42,2
43,1
44,1
45,2
46,2
47,7
48,1
49,1
50,2
51,5
52,3
53,5
54,3
55,1
56,1
57,2
58,1
59,4
60,1
61,1
62,4
63,1
64,1
65,1
66,5
67,8
68,1
69,1
70,1
71,1
72,6
73,4
74,1
75,1
76,2
77,2
78,9
79,1
80,2
81,1
82,4
83,74
84,8
85,1
86,1
87,3
88,1
89,1
90,1
91,2
92,43
93,4
94,11
95,1
96,1
97,2
98,2
99,7
100,1
101,110
102,3
103,1
104,31
105,1
106,3
107,7
108,360
109,3
110,7
111,1
112,2
113,1
114,1
115,2
116,2
117,3
118,30
119,3
120,5
121,1
122,2
123,1
124,1
125,1
126,1
127,2
128,12
129,11
130,1
131,1
132,6
133,1
134,1
135,4
136,22
137,7
138,6
139,1
140,2
141,1
142,2568
143,2
144,1
145,4
146,1
147,3
148,4
149,1
150,38
151,2
152,2
153,1
154,1
155,1
156,1
157,2
158,29
159,9
160,1
161,2
162,2
163,1
164,96
165,1
166,1
167,2
168,12
169,algebra
170,3
171,3
172,84
173,1
174,1
175,1
176,1
177,6
178,2
179,1
180,1
181,1
182,2
183,1
184,4
185,2
186,16770
187,16
188,1
189,1
190,1
191,6
192,30
193,1
194,3
195,1
196,5
197,2
198,21
199,11
200,1
201,1
202,2
203,2
204,3
205,5
206,10
207,26
208,1
209,1
210,3
211,2
212,4
213,233
214,27
215,1
216,1
217,24
218,1
219,1
220,2
221,1
222,919
223,4
224,3
225,algebra
226,1
227,2
228,1
229,1
230,1
231,3
232,3
233,5
234,5
235,1
236,2
237,44
238,1
239,1
240,1
241,3
242,2
243,2
244,4
245,2
246,1
247,3
248,2
249,9
250,2
251,6
252,6
253,1
254,3112
255,9
256,1
257,NA
258,1
259,1
260,2
261,1
262,2
263,1
264,4
265,1
266,19
267,2
268,4
269,3
270,2
271,86
272,1418
273,1
274,1
275,3
276,3
277,187
278,1
279,1
280,1
281,10
282,3
283,4
284,1
285,1
286,1
287,6
288,10
289,algebra
290,9
291,1
292,2
293,1
294,12
295,2
296,1
297,2
298,1
299,1
300,7
301,5
302,3
303,1
304,3
305,2
306,2
307,35
308,1
309,1
310,3
311,2
312,3
313,1
314,5
315,1
316,1
317,10
318,28
319,3
320,1
321,1
322,2
323,2
324,1
325,9
326,5
327,14
328,5
329,21
330,1
331,3
332,54
333,2
334,3
335,1
336,1
337,2
338,48
339,NA
340,6
341,3
342,42
343,1
344,1
345,1
346,2
347,2
348,1
349,1
350,1
351,1
352,3
353,28
354,1
355,1
356,2
357,3
358,1
359,1
360,17
361,1
362,10
363,56
364,1
365,1
366,5
367,2
368,1
369,1
370,1628
371,1
372,19
373,4
374,3
375,3
376,2
377,7
378,1
379,5
380,1
381,5
382,12
383,6
384,1
385,1
386,2
387,191
388,4
389,1
390,2
391,1
392,67
393,1
394,1
395,2
396,25
397,8
398,2
399,9
400,3
401,1
402,4
403,2
404,1
405,2
406,1
407,4
408,1
409,33
410,51
411,1
412,2
413,1
414,3
415,10
416,2
417,44
418,2
419,23
420,1
421,2
422,6
423,6
424,116
425,1
426,1
427,3
428,2
429,1
430,4
431,3
432,2
433,5
434,1
435,1
436,1
437,2
438,2
439,1
440,1
441,algebra
442,4
443,1
444,16
445,1
446,1
447,2
448,1
449,1
450,12
451,5
452,2
453,8
454,11
455,1
456,2
457,22
458,2
459,1
460,37
461,1
462,4
463,1
464,27
465,2
466,1
467,2
468,1
469,16
470,5
471,3
472,4
473,1
474,1
475,2
476,9
477,7
478,1
479,3
480,2
481,2
482,35
483,4
484,1
485,1
486,14
487,8
488,1
489,1
490,4
491,1
492,40
493,2
494,1
495,1
496,22
497,2
498,1
499,1
500,6
501,1
502,2
503,6
504,1
505,1
506,7
507,15
508,1
509,64
510,1
511,1
512,2
513,9
514,5
515,6
516,1
517,7
518,1
519,1
520,1
521,2
522,3
523,1
524,1
525,5
526,2
527,12
528,algebra
529,1
530,1
531,1
532,3
533,1
534,3
535,4
536,7
537,3
538,2
539,1
540,3
541,1
542,3
543,2
544,4
545,(1st CK)
546,7
547,2
548,6
549,5
550,1
551,1
552,2
553,1
554,4
555,1
556,23
557,2
558,1
559,4
560,32
561,2
562,3087
563,4
564,12
565,4
566,5
567,7
568,1
569,1
570,6
571,1
572,4
573,28
574,7
575,2
576,9
577,(2nd CK)
578,1
579,3
580,1
581,1
582,2
583,1
584,11
585,2
586,3
587,19
588,1
589,3
590,1
591,2
592,2
593,1
594,40
595,1
596,5
597,23
598,2
599,1
600,8
601,5
602,3
603,1
604,3
605,5
606,1
607,6
608,1
609,4
610,1
611,642
612,2
613,137
614,1
615,4
616,1
617,7
618,1
619,9
620,2
621,2
622,2
623,2
624,7
625,1
626,3
627,15
628,10
629,1
630,1
631,2
632,103
633,4
634,1
635,1
636,5
637,4
638,2
639,9
640,3
641,1
642,34
643,4
644,4
645,2
646,1
647,3
648,1
649,1
650,2
651,2
652,2
653,1
654,5
655,2
656,1
657,4
658,1
659,5
660,5
661,2
662,32
663,1
664,1
665,2
666,1
667,10
668,2
669,1
670,1
671,1
672,2
673,644
674,3
675,4
676,1
677,66
678,2
679,32
680,7
681,3
682,2
683,282
684,1
685,1
686,1
687,8
688,16
689,3
690,1
691,18
692,2
693,1
694,1
695,1
696,2
697,6
698,357
699,24
700,1
701,1
702,3
703,26
704,3
705,1
706,1
707,2
708,2
709,1
710,4
711,1
712,2
713,10
714,1
715,5
716,1
717,2
718,5
719,1
720,12
721,1
722,3
723,6
724,3
725,1
726,1
727,2
728,1
729,29
730,12
731,2
732,19011
733,1
734,11
735,2
736,2
737,4
738,4
739,3
740,1
741,1
742,3
743,4
744,1
745,3
746,2
747,4
748,1
749,9
750,1
751,1
752,3
753,1
754,4
755,1
756,2
757,11
758,1
759,4
760,2
761,2
762,4
763,1
764,(3rd CK)
765,1
766,41
767,2
768,1
769,5
770,1
771,1
772,4
773,4
774,1
775,2
776,6
777,2
778,1
779,1
780,2
781,2
782,2
783,1
784,37
785,1
786,3
787,3
788,1
789,9
790,2
791,2
792,2
793,1
794,4
795,3
796,1
797,12
798,2
799,1
800,1
801,2
802,6
803,1
804,36
805,13
806,1
807,18
808,12
809,3
810,1
811,1
812,2
813,4
814,1
815,6
816,1
817,NA
818,1
819,1
820,1
821,3
822,2
823,17
824,1
825,2
826,6
827,2
828,5
829,11
830,3
831,1
832,18
833,1
834,67
835,3
836,6
837,2
838,1
839,28
840,4
841,1
842,12
843,2
844,1
845,1
846,1
847,2
848,1
849,16
850,2
851,NA
852,4
853,4
854,1
855,1
856,5
857,64
858,14
859,1
860,2
861,1
862,3
863,6
864,3
865,2
866,2
867,4
868,1
869,3
870,183
871,5
872,2
873,10
874,5
875,1
876,10
877,4
878,4
879,1
880,2
881,18
882,2
883,44
884,4
885,9
886,41
887,2
888,1
889,5
890,3
891,6
892,2
893,2
894,1
895,1
896,1
897,3
898,1
899,81
900,algebra
901,1
902,31
903,4
904,4
905,1
906,2
907,26
908,4
909,1
910,1
911,1
912,6
913,2
914,1
915,3
916,6
917,4
918,1
919,7
920,3
921,2
922,2
923,4
924,1
925,2
926,1
927,3
928,6
929,12
930,1
931,1
932,3
933,16
934,4
935,1
936,7
937,2
938,8
939,1
940,1
941,2
942,7
943,1
944,1
945,1
946,3
947,30
948,4
949,1
950,2
951,NA
952,3
953,1
954,1
955,2
956,1
957,2
958,4
959,1
960,8
961,1
962,4
963,1
964,4
965,6
966,3
967,2
968,16
969,5
970,1
971,2
972,2
973,2
974,1
975,1
976,6
977,3
978,2
979,4
980,13
981,1
982,15
983,2
984,67
985,4
986,1
987,71
988,1
989,3
990,2
991,7
992,4
993,4
994,1
995,1
996,42
997,11
998,1
999,4
1000,1
1001,1
1002,2
1003,5
1004,5
1005,1
1006,6
1007,4
1008,2
1009,1
1010,1
1011,2
1012,66
1013,4
1014,1
1015,1
1016,2
1017,11
1018,10
1019,20
1020,2
1021,1
1022,7
1023,1
1024,1
1025,51
1026,1
1027,2
1028,1
1029,4
1030,8
1031,1
1032,146
1033,1
1034,9
1035,1
1036,174
1037,4
1038,1
1039,29
1040,1
1041,2
1042,16
1043,1
1044,8
1045,3
1046,3
1047,2
1048,1
1049,1
1050,1
1051,1
1052,3
1053,10
1054,1
1055,7
1056,1
1057,4
1058,1
1059,7
1060,2
1061,1
1062,106
1063,1
1064,1
1065,2
1066,3
1067,2
1068,101
1069,1
1070,40
1071,5
1072,19
1073,1
1074,5
1075,1
1076,1
1077,2
1078,1
1079,9
1080,4
1081,2
1082,2
1083,12
1084,1
1085,1
1086,1
1087,18
1088,6
1089,1
1090,1
1091,5
1092,3
1093,61
1094,7
1095,2
1096,6
1097,3
1098,2
1099,1
1100,1
1101,15
1102,2
1103,1
1104,4
1105,2
1106,1
1107,7
1108,1
1109,15
1110,1
1111,2
1112,2
1113,1
1114,1
1115,1
1116,3
1117,12
1118,100
1119,4
1120,2
1121,2
1122,3
1123,NA
1124,23
1125,1
1126,2
1127,2
1128,1
1129,1
1130,11
1131,1
1132,3
1133,4
1134,9
1135,8
1136,5
1137,4
1138,2
1139,1
1140,1
1141,1
1142,3
1143,1
1144,3
1145,1
1146,3
1147,2
1148,37
1149,1
1150,4
1151,26
1152,2
1153,45
1154,5
1155,6
1156,3
1157,2647
1158,6
1159,3
1160,2
1161,1
1162,4
1163,2
1164,5
1165,2
1166,3
1167,2
1168,1
1169,1
1170,1
1171,27
1172,2
1173,1
1174,3
1175,1
1176,9
1177,4
1178,1
1179,21
1180,11
1181,1
1182,2
1183,2
1184,7
1185,4
1186,11
1187,3
1188,62
1189,4
1190,4
1191,33
1192,6
1193,4
1194,85
1195,1
1196,2
1197,2
1198,141
1199,3
1200,5
1201,1
1202,2
1203,2
1204,4
1205,1
1206,30
1207,32
1208,1
1209,1
1210,1
1211,6
1212,3
1213,1
1214,4
1215,1
1216,1
1217,59
1218,1
1219,1
1220,9
1221,2
1222,6
1223,2
1224,4
1225,9
1226,3
1227,15
1228,32
1229,1
1230,4
1231,2
1232,4
1233,1
1234,13
1235,6
1236,1
1237,2
1238,1
1239,1
1240,NA
1241,1
1242,3
1243,1
1244,1
1245,1
1246,1
1247,26
1248,1
1249,56
1250,3
1251,1
1252,10
1253,1
1254,1
1255,1
1256,2
1257,74
1258,1
1259,1
1260,1
1261,2
1262,3
1263,10
1264,3
1265,1
1266,1
1267,8
1268,1
1269,5
1270,3
1271,2
1272,4
1273,12
1274,8
1275,11
1276,3
1277,3
1278,129
1279,19
1280,1
1281,1
1282,8
1283,1
1284,5
1285,1
1286,1
1287,8
1288,5
1289,3
1290,1
1291,282
1292,3
1293,1
1294,1
1295,2
1296,1
1297,43
1298,2
1299,1
1300,1
1301,1
1302,3
1303,1
1304,11
1305,32
1306,9
1307,7
1308,30
1309,1
1310,41
1311,3
1312,2
1313,2
1314,67
1315,5
1316,1
1317,7
1318,22
1319,3
1320,7
1321,1
1322,10
1323,2
1324,1
1325,10
1326,5
1327,1691
1328,2
1329,1
1330,1
1331,1
1332,12
1333,4
1334,1
1335,1
1336,1
1337,16
1338,5
1339,1
1340,2
1341,1049
1342,2
1343,1
1344,1
1345,3
1346,1
1347,6
1348,1
1349,4
1350,1
1351,1
1352,14
1353,1
1354,3
1355,2
1356,18
1357,19
1358,2
1359,268
1360,1
1361,11
1362,8
1363,2
1364,7
1365,1
1366,1
1367,10
1368,2
1369,1
1370,2
1371,1
1372,18
1373,4
1374,1
1375,2
1376,26
1377,2
1378,65
1379,4
1380,2
1381,1
1382,3
1383,5
1384,3
1385,2
1386,1
1387,7
1388,9
1389,3
1390,1
1391,3
1392,16
1393,2
1394,9
1395,1
1396,219
1397,2
1398,1
1399,5
1400,1
1401,1
1402,3
1403,4
1404,19
1405,2
1406,11
1407,2
1408,2920
1409,1
1410,2
1411,7
1412,1279
1413,1
1414,3
1415,5
1416,1
1417,2
1418,2
1419,3
1420,2
1421,10
1422,4
1423,1054
1424,8
1425,1
1426,1
1427,2
1428,1
1429,1
1430,1
1431,3
1432,2
1433,12
1434,11
1435,1
1436,1
1437,4
1438,14
1439,1
1440,2
1441,26
1442,4
1443,10
1444,algebra
1445,2
1446,1
1447,4
1448,2
1449,11
1450,4
1451,5
1452,6
1453,1
1454,1
1455,1
1456,2
1457,4
1458,6
1459,3
1460,1
1461,2
1462,2
1463,9
1464,1
1465,1
1466,9
1467,2
1468,2
1469,1
1470,4
1471,2
1472,23
1473,5
1474,7
1475,1
1476,19
1477,36
1478,4
1479,3
1480,5
1481,3
1482,4
1483,1
1484,4
1485,1
1486,1
1487,6
1488,1
1489,3
1490,1
1491,5
1492,26
1493,12
1494,23
1495,6
1496,1
1497,7
1498,1
1499,1
1500,1
1501,6
1502,31
1503,1
1504,79
1505,2
1506,1
1507,11
1508,2
1509,356
1510,3
1511,2
1512,310
1513,2
1514,57
1515,4
1516,2
1517,4
1518,1
1519,17
1520,1
1521,1
1522,3
1523,2
1524,1
1525,4
1526,2
1527,10
1528,1
1529,72
1530,6
1531,1
1532,2
1533,1
1534,3
1535,10
1536,6
1537,95
1538,1
1539,5
1540,7
1541,1
1542,19
1543,2
1544,1
1545,1
1546,226
1547,2
1548,61
1549,3
1550,2
1551,6
1552,3
1553,1
1554,9
1555,1
1556,1
1557,3
1558,1
1559,8
1560,1
1561,5
1562,2
1563,22
1564,20
1565,1
1566,3
1567,48
1568,2
1569,4
1570,15
1571,38
1572,104
1573,2
1574,1
1575,26
1576,2
1577,4
1578,2
1579,1
1580,2
1581,1
1582,1651
1583,1
1584,4
1585,5
1586,3
1587,2
1588,4
1589,1
1590,3
1591,1
1592,4
1593,1
1594,9
1595,1
1596,1
1597,2
1598,1
1599,3
1600,7
1601,31
1602,6
1603,1
1604,3
1605,1
1606,2
1607,2
1608,4
1609,1
1610,1
1611,9
1612,4
1613,4
1614,12
1615,1
1616,1
1617,10
1618,9
1619,1
1620,78
1621,3
1622,2
1623,5
1624,1
1625,1
1626,1
1627,8
1628,37
1629,12
1630,2
1631,6
1632,2
1633,(4th CK)
