1,4
2,1
3,1
4,1
5,2
6,1
7,3
8,1
9,6
10,1
11,1
12,4
13,4
14,2
15,1
16,1
17,2
18,1
19,1
20,1
21,124
22,3
23,9
24,3
25,2
26,1
27,11
28,1
29,18
30,1
31,1
32,2
33,2
34,1
35,1
36,8
37,2
38,1
39,1
40,1
41,8
42,3
43,1
44,1
45,2
46,11
47,3
48,1
49,2
50,3
51,1
52,2
53,2
54,1
55,1
56,1
57,20
58,2
59,3
60,1
61,12
62,2
63,5
64,1
65,12
66,1
67,3
68,18
69,6
70,1
71,1
72,2
73,2
74,1
75,1
76,29
77,44
78,1
79,1
80,2
81,4
82,2
83,1
84,3
85,2
86,3
87,47
88,1
89,2
90,1
91,3
92,10
93,6
94,1
95,3
96,1
97,2
98,1
99,1
100,1
101,216
102,2
103,21
104,2
105,14
106,1
107,7
108,1
109,2
110,1
111,1
112,4
113,32
114,3
115,11
116,1
117,8
118,1
119,1
120,2
121,252
122,2
123,1
124,3
125,2
126,1
127,7
128,9
129,10
130,1
131,3
132,2
133,2
134,1
135,17
136,1
137,6
138,1
139,1
140,2
141,1044
142,2
143,1
144,1
145,46
146,3
147,123
148,2
149,2
150,1
151,5
152,8
153,8
154,2
155,1
156,1
157,2
158,5
159,1
160,2
161,8
162,4
163,1
164,1
165,4
166,1
167,3
168,2
169,6
170,1
171,1
172,2
173,48
174,2
175,1
176,3
177,2
178,4
179,5
180,2
181,80
182,3
183,1
184,1
185,2
186,1
187,35
188,1
189,10
190,2
191,1
192,7
193,2
194,2
195,1
196,1
197,2
198,5
199,3
200,1
201,8
202,12
203,17
204,1
205,2
206,8
207,11
208,2
209,(1st CK)
210,1
211,1
212,2
213,6
214,1
215,1
216,8
217,24
218,1
219,211
220,2
221,192
222,3
223,13
224,1
225,10
226,1
227,19
228,1
229,82
230,3
231,1
232,2
233,4
234,2
235,1
236,9
237,2
238,1
239,5
240,9
241,732
242,7
243,13
244,1
245,4
246,1
247,11
248,2
249,2
250,2
251,1
252,7
253,2
254,1
255,71
256,4
257,2
258,6
259,1
260,1
261,4
262,3
263,1
264,9
265,46
266,17
267,275
268,1
269,10
270,7
271,3
272,4
273,2
274,3
275,11
276,1
277,10
278,4
279,1
280,2
281,456
282,6
283,1
284,2
285,2
286,1
287,7
288,1
289,18
290,1
291,1
292,7
293,2
294,2
295,1
296,1
297,4
298,1
299,1
300,4
301,4
302,2
303,1
304,1
305,4
306,1
307,71
308,1
309,10
310,3
311,5
312,2
313,2
314,1
315,1
316,1
317,6
318,2
319,1
320,2
321,24
322,10
323,5
324,1
325,2
326,1
327,3
328,1
329,2
330,1
331,3
332,4
333,10
334,1
335,9
336,3
337,8
338,2
339,1
340,1
341,28
342,2
343,1
344,6
345,6
346,1
347,59
348,1
349,42
350,2
351,1
352,3
353,34
354,6
355,5
356,11
357,2
358,4
359,1
360,1
361,284
362,3
363,9
364,1
365,8
366,3
367,23
368,1
369,2
370,1
371,1
372,2
373,42
374,6
375,71
376,1
377,2
378,1
379,1
380,1
381,72
382,2
383,29
384,1
385,2
386,4
387,7
388,2
389,NA
390,1
391,3
392,3
393,2
394,6
395,1
396,3
397,4
398,1
399,19
400,1
401,956
402,2
403,5
404,2
405,2
406,1
407,27
408,1
409,18
410,3
411,1
412,12
413,2
414,2
415,1
416,1
417,16
418,1
419,17
420,3
421,4
422,4
423,1
424,1
425,6
426,15
427,11
428,2
429,2362
430,1
431,1
432,2
433,4
434,1
435,1
436,68
437,54
438,1
439,3
440,2
441,4
442,3
443,NA
444,1
445,2
446,3
447,35
448,1
449,262
450,2
451,1
452,3
453,4
454,2
455,11
456,5
457,2
458,1
459,1
460,1
461,4
462,2
463,1
464,3
465,2
466,3
467,79
468,4
469,2
470,1
471,3
472,16
473,2
474,1
475,1
476,17
477,4
478,1
479,9
480,1
481,32
482,2
483,5
484,1
485,10
486,8
487,39
488,10
489,2
490,3
491,3
492,2
493,4
494,1
495,1
496,4
497,24
498,22
499,1
500,2
501,4
502,6
503,1
504,1
505,2
506,1
507,3
508,1
509,2
510,1
511,1
512,2
513,2
514,3
515,1
516,1
517,6
518,2
519,3
520,3
521,1364
522,2
523,1
524,1
525,4
526,3
527,59
528,1
529,226
530,1
531,7
532,28
533,4
534,1
535,1
536,3
537,4
538,1
539,43
540,3
541,4
542,4
543,1
544,9
545,2
546,1
547,3
548,1
549,2
550,1
551,1
552,3
553,32
554,2
555,11
556,3
557,2
558,1
559,3
560,1
561,12
562,2
563,NA
564,7
565,6
566,1
567,3
568,10
569,NA
570,3
571,1
572,2
573,14
574,1
575,7
576,3
577,4
578,6
579,1
580,3
581,32
582,7
583,17
584,2
585,40
586,5
587,15
588,2
589,2
590,5
591,1
592,2
593,46
594,1
595,1
596,7
597,2
598,2
599,5
600,1
601,208
602,2
603,1
604,1
605,4
606,1
607,31
608,2
609,46
610,1
611,7
612,2
613,32
614,1
615,1
616,8
617,2
618,1
619,5
620,1
621,60
622,4
623,1
624,2
625,2
626,8
627,27
628,1
629,94
630,2
631,3
632,4
633,64
634,3
635,15
636,3
637,2
638,1
639,1
640,1
641,12
642,7
643,1
644,9
645,2
646,1
647,11
648,8
649,2
650,3
651,5
652,3
653,2
654,6
655,1
656,1
657,2
658,10
659,1
660,1
661,84
662,3
663,9
664,1
665,2
666,1
667,67
668,1
669,6
670,1
671,63
672,6
673,20
674,5
675,3
676,1
677,4
678,2
679,1
680,3
681,12
682,27
683,1
684,1
685,4
686,1
687,NA
688,1
689,NA
690,1
691,9
692,272
693,2
694,9
695,1
696,3
697,2
698,5
699,1
700,2
701,40
702,4
703,81
704,3
705,4
706,1
707,215
708,1
709,222
710,1
711,3
712,3
713,6
714,1
715,1
716,51
717,4
718,5
719,1
720,2
721,20
722,3
723,1
724,6
725,218
726,4
727,59
728,1
729,530
730,2
731,1
732,2
733,2
734,3
735,13
736,1
737,4
738,1
739,3
740,7
741,8
742,4
743,5
744,1
745,2
746,1
747,3
748,1
749,6
750,13
751,33
752,8
753,40
754,1
755,1
756,3
757,6
758,4
759,1
760,4
761,8
762,2
763,1
764,1
765,2
766,3
767,7
768,2
769,18
770,2
771,1
772,10
773,8
774,1
775,1
776,1
777,2
778,4
779,3
780,3
781,4
782,4
783,1
784,3
785,10
786,1
787,203
788,8
789,42
790,1
791,31
792,3
793,2
794,7
795,3
796,1
797,110
798,2
799,1
800,1
801,4
802,3
803,1
804,2
805,10
806,3
807,3
808,1
809,2
810,6
811,31
812,4
813,2
814,2
815,3
816,5
817,12
818,217
819,7
820,1
821,36
822,3
823,5
824,11
825,6
826,1
827,NA
828,5
829,22
830,6
831,1
832,3
833,2
834,1
835,5
836,1
837,2
838,1
839,3
840,1
841,4
842,3
843,69
844,2
845,4
846,1
847,251
848,1
849,10
850,2
851,3
852,4
853,2
854,1
855,11
856,5
857,16
858,1
859,3
860,3
861,4
862,2
863,1985
864,2
865,2
866,3
867,3
868,2
869,6
870,1
871,1
872,2
873,200
874,6
875,1
876,1
877,2
878,2
879,53
880,3
881,884
882,18
883,17
884,1
885,2
886,1
887,3
888,1
889,6
890,2
891,1
892,4
893,4
894,3
895,7
896,8
897,2
898,1
899,1
900,1
901,156
902,55
903,9
904,1
905,30
906,1
907,259
908,2
909,2
910,5
911,1
912,4
913,2
914,2
915,1
916,3
917,2
918,1
919,1
920,6
921,4
922,2
923,5
924,1
925,6
926,1
927,3
928,14
929,10
930,4
931,1
932,11
933,2
934,2
935,1
936,1
937,4
938,4
939,3
940,1
941,12
942,6
943,1
944,1
945,16
946,5
947,7
948,1
949,2
950,5
951,1
952,2
953,10
954,1
955,1
956,3
957,2
958,9
959,5
960,2
961,4
962,7
963,1
964,2
965,4
966,1
967,175
968,257
969,2
970,1
971,5
972,2
973,8
974,1
975,1
976,1
977,12
978,4
979,3
980,1
981,36
982,2
983,25
984,7
985,2
986,5
987,1043
988,1
989,14
990,5
991,1
992,4
993,2
994,1
995,11
996,3
997,8
998,2
999,3
1000,1
1001,52
1002,3
1003,1
1004,5
1005,2
1006,1
1007,31
1008,1
1009,NA
1010,1
1011,1
1012,7
1013,2
1014,5
1015,45
1016,1
1017,2
1018,1
1019,177
1020,5
1021,76
1022,2
1023,1
1024,2
1025,4
1026,3
1027,27
1028,1
1029,122
1030,1
1031,9
1032,6
1033,2
1034,2
1035,1
1036,1
1037,24
1038,4
1039,1
1040,2
1041,16
1042,2
1043,1
1044,1
1045,2
1046,1
1047,675
1048,4
1049,NA
1050,1
1051,3
1052,2
1053,2
1054,2
1055,1
1056,1
1057,4
1058,5
1059,3
1060,2
1061,4
1062,3
1063,5
1064,7
1065,28
1066,3
1067,11
1068,1
1069,266
1070,2
1071,7
1072,2
1073,10
1074,2
1075,17
1076,24
1077,2
1078,1
1079,1
1080,1
1081,8
1082,7
1083,5
1084,1
1085,2
1086,1
1087,2331
1088,1
1089,2
1090,2
1091,9
1092,3
1093,14
1094,5
1095,1
1096,1
1097,4
1098,1
1099,1
1100,4
1101,NA
1102,46
1103,5
1104,6
1105,2
1106,4
1107,3
1108,1
1109,30
1110,11
1111,1
1112,3
1113,8
1114,3
1115,1
1116,5
1117,2
1118,1
1119,1
1120,1
1121,8
1122,2
1123,1
1124,5
1125,4
1126,1
1127,7
1128,5
1129,522
1130,2
1131,13
1132,2
1133,40
1134,3
1135,3
1136,57
1137,4
1138,2
1139,17
1140,3
1141,8
1142,4
1143,1
1144,1
1145,4
1146,3
1147,63
1148,6
1149,2
1150,4
1151,7
1152,3
1153,8
1154,1
1155,3
1156,1
1157,6
1158,16
1159,1
1160,1
1161,4
1162,6
1163,9
1164,2
1165,6
1166,8
1167,11
1168,156
1169,2
1170,1
1171,1
1172,3
1173,26
1174,1
1175,5
1176,1
1177,2
1178,1
1179,1
1180,6
1181,4
1182,4
1183,5
1184,9
1185,2
1186,8
1187,199
1188,1
1189,2
1190,1
1191,17
1192,3
1193,2
1194,3
1195,5
1196,1
1197,2
1198,1
1199,1
1200,6
1201,520
1202,8
1203,1
1204,1
1205,116
1206,1
1207,7
1208,1
1209,6
1210,3
1211,47
1212,3
1213,12
1214,1
1215,1
1216,1
1217,18
1218,1
1219,5
1220,2
1221,8
1222,2
1223,1
1224,5
1225,2
1226,1
1227,1183
1228,1
1229,2
1230,2
1231,99
1232,2
1233,264
1234,5
1235,7
1236,3
1237,2
1238,5
1239,1
1240,1
1241,20
1242,2
1243,5
1244,1
1245,10
1246,3
1247,3
1248,1
1249,14
1250,1
1251,5
1252,10
1253,4
1254,1
1255,69
1256,11
1257,22
1258,1
1259,11
1260,1
1261,36
1262,3
1263,1
1264,1
1265,2
1266,1
1267,79
1268,10
1269,2
1270,9
1271,1
1272,7
1273,2
1274,2
1275,1
1276,1
1277,2
1278,4
1279,5
1280,3
1281,8
1282,2
1283,165
1284,5
1285,10
1286,1
1287,3
1288,2
1289,130
1290,2
1291,1
1292,6
1293,6
1294,1
1295,1
1296,3
1297,22
1298,4
1299,1
1300,5
1301,12
1302,2
1303,1
1304,19
1305,2
1306,4
1307,3
1308,1
1309,34
1310,2
1311,5
1312,4
1313,2
1314,1
1315,1
1316,15
1317,12
1318,1
1319,3
1320,1
1321,24
1322,4
1323,9
1324,2
1325,1014
1326,1
1327,3
1328,17
1329,2
1330,1
1331,1
1332,2
1333,4
1334,6
1335,1
1336,12
1337,20
1338,2
1339,3
1340,4
1341,4
1342,19
1343,1
1344,6
1345,8
1346,27
1347,911
1348,1
1349,26
1350,5
1351,1
1352,3
1353,2
1354,1
1355,5
1356,5
1357,2
1358,1
1359,3
1360,1
1361,4
1362,2
1363,141
1364,2
1365,4
1366,4
1367,2267
1368,2
1369,6
1370,7
1371,1
1372,3
1373,2
1374,1
1375,1
1376,89
1377,10
1378,2
1379,1
1380,1
1381,12
1382,2
1383,5
1384,1
1385,2
1386,4
1387,7
1388,10
1389,2
1390,2
1391,71
1392,2
1393,2
1394,1
1395,3
1396,4
1397,16
1398,1
1399,3
1400,12
1401,48
1402,2
1403,1
1404,1
1405,4
1406,3
1407,7
1408,1
1409,42
1410,1
1411,7
1412,2
1413,8
1414,11
1415,19
1416,3
1417,20
1418,9
1419,1
1420,1
1421,16
1422,4
1423,5
1424,1
1425,2
1426,12
1427,623
1428,6
1429,42
1430,2
1431,1
1432,6
1433,282
1434,1
1435,1
1436,3
1437,148
1438,1
1439,61
1440,6
1441,4
1442,7
1443,1
1444,9
1445,2
1446,4
1447,3
1448,8
1449,10
1450,1
1451,1
1452,47
1453,14
1454,14
1455,3
1456,1
1457,14
1458,2
1459,1
1460,1
1461,4
1462,14
1463,(2nd CK)
1464,6
1465,70
1466,7
1467,NA
1468,2
1469,10
1470,2
1471,3
1472,2
1473,14
1474,2
1475,1
1476,1
1477,2
1478,1
1479,21
1480,3
1481,8
1482,3
1483,5
1484,1
1485,2
1486,3
1487,7
1488,4
1489,10
1490,2
1491,5
1492,3
1493,10
1494,1
1495,1
1496,1
1497,2
1498,1
1499,1475
1500,1
1501,60
1502,2
1503,1
1504,1
1505,6
1506,5
1507,219
1508,2
1509,434
1510,3
1511,NA
1512,7
1513,150
1514,1
1515,1
1516,1
1517,6
1518,1
1519,23
1520,1
1521,12
1522,3
1523,1
1524,6
1525,2
1526,21
1527,3
1528,2
1529,2
1530,1
1531,3
1532,4
1533,210
1534,1
1535,3
1536,1
1537,2
1538,2
1539,1
1540,1
1541,12
1542,47
1543,5
1544,2
1545,2
1546,3
1547,191
1548,1
1549,2
1550,1
1551,9
1552,4
1553,6
1554,2
1555,1
1556,1
1557,44
1558,2
1559,3
1560,2
1561,12
1562,18
1563,1
1564,1
1565,2
1566,5
1567,135
1568,1
1569,22
1570,3
1571,3
1572,2
1573,14
1574,1
1575,9
1576,4
1577,10
1578,1
1579,1
1580,3
1581,4
1582,18
1583,1
1584,2
1585,2
1586,1
1587,3
1588,1
1589,18
1590,1
1591,1
1592,2
1593,14
1594,1
1595,1
1596,1
1597,20
1598,5
1599,45
1600,2
1601,4
1602,6
1603,81
1604,NA
1605,2
1606,1
1607,3
1608,1
1609,6
1610,2
1611,1
1612,2
1613,28
1614,1
1615,1
1616,15
1617,24
1618,2
1619,1
1620,3
1621,4
1622,6
1623,5
1624,1
1625,14
1626,1
1627,NA
1628,2
1629,30
1630,1
1631,3
1632,3
1633,2
1634,6
1635,7
1636,11
1637,92
1638,1
1639,1
1640,3
1641,40
1642,12
1643,5
1644,2
1645,6
1646,7
1647,3
1648,10
1649,6
1650,1
1651,1
1652,8
1653,2
1654,1
1655,1
1656,1
1657,2
1658,10
1659,1
1660,1
1661,8
1662,2
1663,1
1664,2
1665,10
1666,4
1667,15
1668,1
1669,622
1670,2
1671,1
1672,2
1673,4
1674,1
1675,7
1676,1
1677,6
1678,2
1679,5
1680,8
1681,4
1682,4
1683,9
1684,1
1685,28
1686,3
1687,731
1688,6
1689,2
1690,1
1691,1
1692,3
1693,2
1694,6
1695,31
1696,3
1697,2
1698,1
1699,5
1700,1
1701,12
1702,2
1703,1
1704,2
1705,4
1706,3
1707,35
1708,4
1709,26
1710,1
1711,37
1712,3
1713,2
1714,2
1715,3
1716,91
1717,16
1718,665
1719,3
1720,1
1721,12
1722,3
1723,81
1724,5
1725,4
1726,3
1727,299
1728,1
1729,10
1730,7
1731,5
1732,2
1733,2
1734,2
1735,1
1736,1
1737,2
1738,5
1739,1
1740,3
1741,4
1742,8
1743,1
1744,3
1745,2
1746,5
1747,575
1748,1
1749,62
1750,1
1751,5
1752,7
1753,10
1754,1
1755,1
1756,3
1757,234
1758,2
1759,3
1760,6
1761,4
1762,14
1763,13
1764,6
1765,24
1766,19
1767,7
1768,1
1769,2
1770,1
1771,1
1772,7
1773,4
1774,2
1775,2625
1776,1
1777,4
1778,77
1779,7
1780,2
1781,4
1782,8
1783,9
1784,3
1785,70
1786,1
1787,NA
1788,1
1789,NA
1790,1
1791,1
1792,3
1793,16
1794,3
1795,3
1796,5
1797,2
1798,4
1799,1
1800,1
1801,444
1802,34
1803,1
1804,2
1805,2
1806,5
1807,1819
1808,1
1809,30
1810,1
1811,1
1812,2
1813,6
1814,2
1815,1
1816,1
1817,334
1818,2
1819,1
1820,7
1821,20
1822,22
1823,5
1824,5
1825,12
1826,1
1827,3
1828,4
1829,58
1830,2
1831,9
1832,3
1833,2
1834,2
1835,1
1836,1
1837,2
1838,1
1839,3
1840,3
1841,8
1842,4
1843,1
1844,2
1845,10
1846,1
1847,1071
1848,8
1849,26
1850,11
1851,29
1852,2
1853,4
1854,1
1855,45
1856,3
1857,2
1858,1
1859,3
1860,2
1861,520
1862,16
1863,1
1864,1
1865,16
1866,1
1867,11
1868,5
1869,274
1870,2
1871,17
1872,43
1873,4
1874,1
1875,1
1876,3
1877,2
1878,1
1879,1
1880,2
1881,16
1882,2
1883,9
1884,2
1885,2
1886,5
1887,63
1888,1
1889,2
1890,6
1891,1
1892,3
1893,4
1894,1
1895,9
1896,3
1897,2
1898,77
1899,1141
1900,4
1901,16
1902,2
1903,1
1904,3
1905,4
1906,4
1907,11
1908,2
1909,2
1910,1
1911,1
1912,4
1913,6
1914,1
1915,1
1916,4
1917,16
1918,2
1919,1
1920,1
1921,2556
1922,2
1923,21
1924,1
1925,10
1926,3
1927,2147
1928,9
1929,18
1930,4
1931,27
1932,8
1933,8
1934,1
1935,5
1936,1
1937,646
1938,1
1939,9
1940,2
1941,112
1942,16
1943,1
1944,2
1945,2
1946,3
1947,3
1948,8
1949,330
1950,3
1951,1
1952,2
1953,44
1954,1
1955,1
1956,1
1957,2
1958,2
1959,1
1960,1
1961,4
1962,3
1963,1
1964,1
1965,60
1966,1
1967,455
1968,4
1969,6
1970,1
1971,1
1972,7
1973,36
1974,5
1975,7
1976,12
1977,2
1978,4
1979,1
1980,2
1981,4
1982,3
1983,265
1984,42
1985,294
1986,1
1987,11
1988,1
1989,2
1990,1
1991,3
1992,2
1993,40
1994,2
1995,1
1996,9
1997,14
1998,217
1999,1
2000,9
2001,4
2002,3
2003,9
2004,1
2005,2
2006,5
2007,7
2008,1
2009,6
2010,1
2011,1
2012,8
2013,4
2014,6
2015,1
2016,3
2017,2
2018,4
2019,3
2020,2
2021,848
2022,2
2023,17
2024,1
2025,2
2026,3
2027,3
2028,1
2029,2
2030,5
2031,1
2032,38
2033,2
2034,2
2035,15
2036,1
2037,4
2038,5
2039,153
2040,1
2041,60
2042,2
2043,1
2044,6
2045,4
2046,1
2047,3
2048,6
2049,14
2050,4
2051,1
2052,2
2053,32
2054,1
2055,1
2056,3
2057,8
2058,1
2059,1
2060,2
2061,12
2062,10
2063,9
2064,1
2065,2
2066,5
2067,11
2068,2
2069,10
2070,5
2071,15
2072,4
2073,2
2074,1
2075,3
2076,1
2077,6
2078,2
2079,3
2080,1
2081,4
2082,2
2083,NA
2084,2
2085,12
2086,3
2087,19
2088,14
2089,NA
2090,1
2091,3
2092,6
2093,2
2094,2
2095,1
2096,4
2097,10
2098,5
2099,3
2100,3
2101,96
2102,6
2103,5
2104,5
2105,2
2106,5
2107,3
2108,1
2109,18
2110,1
2111,9
2112,63
2113,2
2114,1
2115,3
2116,1
2117,12
2118,1
2119,1
2120,29
2121,72
2122,2
2123,1
2124,1
2125,4
2126,3
2127,7
2128,1
2129,2
2130,3
2131,1
2132,4
2133,2
2134,1
2135,3
2136,5
2137,20
2138,8
2139,1
2140,3
2141,676
2142,2
2143,9
2144,1
2145,2
2146,7
2147,23
2148,2
2149,70
2150,2
2151,1
2152,2
2153,4
2154,13
2155,9
2156,24
2157,4
2158,1
2159,7
2160,1
2161,8
2162,10
2163,9
2164,1
2165,2
2166,4
2167,11
2168,1
2169,158
2170,2
2171,45
2172,7
2173,2
2174,2
2175,13
2176,1
2177,4
2178,93
2179,31
2180,1
2181,12
2182,14
2183,NA
2184,1
2185,26
2186,1
2187,15
2188,5
2189,222
2190,1
2191,1
2192,2
2193,8
2194,1
2195,7
2196,1
2197,10
2198,4
2199,3
2200,1
2201,12
2202,23
2203,1613
2204,2
2205,8
2206,1
2207,63
2208,2
2209,2
2210,2
2211,3
2212,20
2213,284
2214,6
2215,1
2216,1
2217,6
2218,1
2219,5
2220,1
2221,96
2222,2
2223,753
2224,1
2225,4
2226,1
2227,15
2228,6
2229,6
2230,3
2231,5
2232,3
2233,2
2234,6
2235,1
2236,7
2237,2
2238,1
2239,5
2240,1
2241,4
2242,2
2243,1
2244,6
2245,6
2246,5
2247,23
2248,1
2249,2
2250,2
2251,1
2252,7
2253,6
2254,9
2255,5
2256,12
2257,8
2258,4
2259,1
2260,4
2261,4
2262,6
2263,9
2264,2
2265,32
2266,5
2267,19
2268,1
2269,18
2270,1
2271,1
2272,7
2273,6
2274,1
2275,1
2276,5
2277,2
2278,2
2279,1
2280,2
2281,4
2282,2
2283,65
2284,3
2285,2
2286,5
2287,3
2288,48
2289,2
2290,4
2291,3
2292,4
2293,2
2294,5
2295,3
2296,1
2297,4
2298,1
2299,5
2300,2
2301,4
2302,2
2303,1
2304,7
2305,2
2306,1
2307,1107
2308,2
2309,26
2310,11
2311,1
2312,11
2313,18
2314,5
2315,9
2316,3
2317,2
2318,2
2319,1
2320,3
2321,4
2322,2
2323,13
2324,3
2325,2
2326,8
2327,47
2328,2
2329,22
2330,1
2331,9
2332,2
2333,24
2334,1
2335,15
2336,5
2337,6
2338,6
2339,1
2340,1
2341,4
2342,15
2343,5
2344,7
2345,8
2346,4
2347,3
2348,1
2349,10
2350,1
2351,3
2352,2
2353,2
2354,2
2355,1
2356,1
2357,2
2358,4
2359,7
2360,1
2361,40
2362,10
2363,5
2364,2
2365,2
2366,1
2367,107
2368,4
2369,NA
2370,2
2371,45
2372,6
2373,4
2374,1
2375,11
2376,1
2377,2
2378,9
2379,35
2380,1
2381,12
2382,2
2383,113
2384,1
2385,16
2386,1
2387,27
2388,22
2389,6
2390,5
2391,1
2392,2
2393,2
2394,1
2395,61
2396,1
2397,2
2398,1
2399,3
2400,3
2401,NA
2402,2
2403,101
2404,1
2405,16
2406,1
2407,83
2408,5
2409,2
2410,1
2411,5
2412,2
2413,2
2414,15
2415,5
2416,7
2417,2
2418,1
2419,1
2420,1
2421,36
2422,4
2423,9
2424,3
2425,6
2426,3
2427,235
2428,2
2429,58
2430,1
2431,5
2432,10
2433,6
2434,2
2435,3
2436,1
2437,2
2438,1
2439,1
2440,3
2441,NA
2442,2
2443,41
2444,3
2445,240
2446,1
2447,91
2448,1
2449,238
2450,1
2451,9
2452,11
2453,6
2454,2
2455,3
2456,4
2457,4
2458,1
2459,9
2460,3
2461,40
2462,2
2463,105
2464,2
2465,4
2466,15
2467,3
2468,4
2469,14
2470,1
2471,33
2472,4
2473,2
2474,7
2475,1
2476,1
2477,40
2478,5
2479,1
2480,2
2481,584
2482,3
2483,1
2484,1
2485,4
2486,1
2487,183
2488,1
2489,2
2490,1
2491,1
2492,10
2493,68
2494,2
2495,13
2496,11
2497,14
2498,2
2499,1
2500,2
2501,100
2502,2
2503,1
2504,1
2505,4
2506,3
2507,NA
2508,5
2509,2
2510,1
2511,13
2512,3
2513,4
2514,1
2515,1
2516,12
2517,2
2518,1
2519,1
2520,3
2521,16
2522,3
2523,1
2524,1
2525,12
2526,1
2527,283
2528,13
2529,2
2530,4
2531,1
2532,10
2533,4
2534,2
2535,15
2536,3
2537,2
2538,2
2539,1
2540,1
2541,8
2542,6
2543,17
2544,7
2545,10
2546,5
2547,3
2548,1
2549,10
2550,1
2551,1
2552,3
2553,2
2554,3
2555,7
2556,7
2557,10
2558,9
2559,3
2560,1
2561,8
2562,2
2563,1
2564,2
2565,4
2566,4
2567,7
2568,1
2569,22
2570,8
2571,1
2572,4
2573,2
2574,2
2575,1
2576,1
2577,4
2578,1
2579,11
2580,1
2581,336
2582,4
2583,1
2584,1
2585,10
2586,3
2587,19
2588,12
2589,14
2590,1
2591,1
2592,6
2593,30
2594,1
2595,5
2596,3
2597,20
2598,5
2599,7
2600,1
2601,92
2602,4
2603,1
2604,1
2605,2
2606,3
2607,3
2608,1
2609,1126
2610,3
2611,41
2612,28
2613,2
2614,19
2615,3
2616,1
2617,498
2618,5
2619,51
2620,1
2621,4
2622,34
2623,1
2624,2
2625,70
2626,3
2627,NA
2628,1
2629,6
2630,18
2631,1
2632,2
2633,2
2634,1
2635,3
2636,1
2637,8
2638,2
2639,1
2640,1
2641,4
2642,14
2643,5
2644,6
2645,2
2646,1
2647,3
2648,72
2649,2
2650,5
2651,3
2652,3
2653,4
2654,23
2655,1
2656,1
2657,4
2658,8
2659,13
2660,3
2661,4
2662,2
2663,NA
2664,3
2665,2
2666,1
2667,71
2668,20
2669,18
2670,1
2671,1
2672,4
2673,22
2674,1
2675,1
2676,3
2677,2
2678,5
2679,1
2680,2
2681,28
2682,3
2683,1
2684,1
2685,4
2686,1
2687,3
2688,2
2689,2
2690,1
2691,1
2692,2
2693,6
2694,1
2695,1
2696,23
2697,10
2698,9
2699,7
2700,4
2701,80
2702,3
2703,1
2704,5
2705,2
2706,3
2707,3
2708,5
2709,6
2710,6
2711,1
2712,6
2713,6
2714,42
2715,9
2716,1
2717,2
2718,2
2719,17
2720,3
2721,4
2722,2
2723,NA
2724,1
2725,2
2726,1
2727,3
2728,2
2729,6
2730,3
2731,9
2732,2
2733,2
2734,1
2735,1
2736,4
2737,2
2738,1
2739,1
2740,1
2741,8
2742,2
2743,1
2744,2
2745,40
2746,3
2747,3
2748,1
2749,18
2750,2
2751,1
2752,34
2753,2
2754,2
2755,1
2756,3
2757,2
2758,5
2759,21
2760,2
2761,64
2762,4
2763,105
2764,3
2765,12
2766,9
2767,3
2768,18
2769,14
2770,1
2771,65
2772,2
2773,2
2774,1
2775,43
2776,1
2777,2
2778,1
2779,3
2780,8
2781,32
2782,2
2783,69
2784,1
2785,14
2786,2853
2787,131
2788,14
2789,2
2790,1
2791,1
2792,115
2793,18
2794,1
2795,9
2796,7
2797,4
2798,1
2799,9
2800,2
2801,2688
2802,3
2803,1
2804,3
2805,10
2806,3
2807,955
2808,2
2809,2
2810,6
2811,1
2812,3
2813,2
2814,1
2815,3
2816,1
2817,6
2818,1
2819,7
2820,2
2821,4
2822,2
2823,5
2824,21
2825,2
2826,8
2827,271
2828,1
2829,6
2830,5
2831,3
2832,12
2833,4
2834,5
2835,1
2836,1
2837,136
2838,1
2839,11
2840,3
2841,8
2842,6
2843,397
2844,3
2845,16
2846,9
2847,3
2848,1
2849,26
2850,6
2851,3
2852,7
2853,2
2854,1
2855,1
2856,1
2857,2
2858,2
2859,1
2860,1
2861,4
2862,6
2863,17
2864,21
2865,10
2866,1
2867,NA
2868,2
2869,10
2870,2
2871,3
2872,2
2873,4
2874,2
2875,5
2876,9
2877,2
2878,1
2879,1
2880,1
2881,4
2882,4
2883,1
2884,11
2885,2
2886,5
2887,191
2888,4
2889,6
2890,1
2891,1
2892,2
2893,2
2894,2
2895,1
2896,17
2897,4
2898,1
2899,5
2900,9
2901,12
2902,3
2903,57
2904,2
2905,8
2906,1
2907,3
2908,1
2909,6
2910,2
2911,5
2912,2
2913,10
2914,1
2915,5
2916,4
2917,6
2918,9
2919,15
2920,1
2921,NA
2922,3
2923,5
2924,1
2925,2
2926,1
2927,63
2928,6
2929,2
2930,2
2931,1
2932,2
2933,16
2934,5
2935,1
2936,4
2937,4
2938,4
2939,3
2940,2
2941,4
2942,7
2943,1
2944,29
2945,12
2946,4
2947,3
2948,50
2949,2
2950,4
2951,7
2952,4
2953,1212
2954,3
2955,1
2956,1
2957,12
2958,1
2959,1
2960,1
2961,20
2962,2
2963,1
2964,1
2965,2
2966,8
2967,3
2968,2
2969,2
2970,2
2971,1
2972,3
2973,306
2974,30
2975,5
2976,4
2977,2
2978,1
2979,1
2980,2
2981,4
2982,14
2983,9
2984,3
2985,2
2986,1
2987,463
2988,5
2989,10
2990,1
2991,95
2992,2
2993,2
2994,1
2995,9
2996,1
2997,14
2998,4
2999,1
3000,1
3001,8
3002,2
3003,2361
3004,2
3005,4
3006,4
3007,3
3008,1
3009,2
3010,11
3011,23
3012,4
3013,2
3014,7
3015,3
3016,3
3017,268
3018,5
3019,1
3020,5
3021,20
3022,2
3023,1
3024,1
3025,10
3026,7
3027,3
3028,5
3029,18
3030,1
3031,3
3032,2
3033,12
3034,2
3035,1
3036,3
3037,12
3038,9
3039,5
3040,2
3041,148
3042,2
3043,1
3044,1
3045,6
3046,1
3047,NA
3048,18
3049,30
3050,10
3051,5
3052,67
3053,16
3054,1
3055,5
3056,3
3057,2
3058,1
3059,53
3060,9
3061,48
3062,3
3063,41
3064,6
3065,2
3066,3
3067,11
3068,1
3069,46
3070,1
3071,1
3072,3
3073,2
3074,6
3075,11
3076,55
3077,4
3078,13
3079,9
3080,1
3081,8
3082,4
3083,357
3084,1
3085,2
3086,20
3087,3
3088,1
3089,6
3090,3
3091,5
3092,2
3093,4
3094,2
3095,5
3096,1
3097,6
3098,1
3099,1
3100,1
3101,NA
3102,3
3103,1
3104,1
3105,8
3106,15
3107,375
3108,1
3109,46
3110,8
3111,1
3112,4
3113,2
3114,1
3115,1
3116,3
3117,2
3118,2
3119,23
3120,1
3121,28
3122,2
3123,13
3124,2
3125,4
3126,3
3127,3
3128,384
3129,34
3130,1
3131,65
3132,2
3133,12
3134,67
3135,1
3136,3
3137,6
3138,2
3139,1
3140,2
3141,16
3142,3
3143,261
3144,2
3145,4
3146,5
3147,3
3148,1
3149,2
3150,1
3151,9
3152,6
3153,2
3154,1
3155,3
3156,1
3157,2
3158,1
3159,1
3160,2
3161,1324
3162,6
3163,1
3164,2
3165,2
3166,31
3167,7
3168,13
3169,2
3170,6
3171,3
3172,7
3173,2
3174,6
3175,1
3176,1
3177,20
3178,1
3179,1
3180,2
3181,8
3182,2
3183,17
3184,5
3185,10
3186,1
3187,347
3188,24
3189,102
3190,5
3191,1397
3192,4
3193,2
3194,5
3195,5
3196,4
3197,28
3198,2
3199,1
3200,2
3201,4
3202,2
3203,5
3204,3
3205,4
3206,1
3207,15
3208,5
3209,NA
3210,2
3211,1
3212,4
3213,4
3214,5
3215,45
3216,32
3217,46
3218,2
3219,3
3220,1
3221,392
3222,4
3223,61
3224,1
3225,8
3226,20
3227,3
3228,21
3229,2
3230,1
3231,3
3232,4
3233,4
3234,1
3235,3
3236,3
3237,8
3238,2
3239,1
3240,2
3241,40
3242,4
3243,1
3244,1
3245,2
3246,3
3247,3
3248,2
3249,2
3250,1
3251,1
3252,2
3253,2
3254,2
3255,1
3256,3
3257,20
3258,1
3259,9
3260,1
3261,496
3262,2
3263,17
3264,2
3265,20
3266,1
3267,7
3268,1
3269,78
3270,2
3271,3
3272,6
3273,1512
3274,3
3275,1
3276,3
3277,2
3278,1
3279,3
3280,1
3281,12
3282,15
3283,1
3284,2
3285,6
3286,1
3287,3
3288,1
3289,NA
3290,12
3291,1
3292,2
3293,2
3294,1
3295,1503
3296,1
3297,2
3298,1
3299,33
3300,4
3301,4
3302,19
3303,5
3304,15
3305,(3rd CK)
3306,1
3307,11
3308,5
3309,2
3310,5
3311,1
3312,2
3313,8
3314,3
3315,3
3316,4
3317,6
3318,1
3319,1
3320,5
3321,8
3322,2
3323,1
3324,1
3325,2
3326,8
3327,7
3328,1
3329,10
3330,1
3331,3
3332,16
3333,18
3334,1
3335,27
3336,3
3337,6
3338,1
3339,3
3340,2
3341,4
3342,3
3343,1
3344,3
3345,2
3346,56
3347,79
3348,6
3349,2
3350,1
3351,5
3352,2
3353,8
3354,3
3355,1
3356,13
3357,8
3358,5
3359,1
3360,6
3361,4
3362,491
3363,101
3364,1
3365,2
3366,1
3367,31
3368,4
3369,10
3370,5
3371,27
3372,2
3373,6
3374,1
3375,1
3376,1
3377,54
3378,2
3379,1
3380,2
3381,4
3382,2
3383,1
3384,1
3385,4
3386,1
3387,3
3388,2
3389,30
3390,3
3391,3
3392,4
3393,10
3394,34
3395,9
3396,1
3397,2
3398,2
3399,1
3400,1
3401,4
3402,7
3403,17
3404,7
3405,2
3406,48
3407,3
3408,1
3409,38
3410,2
3411,1
3412,3
3413,82
3414,1
3415,1
3416,9
3417,2
3418,2
3419,1
3420,4
3421,536
3422,3
3423,1
3424,2
3425,44
3426,4
3427,3
3428,NA
3429,2
3430,2
3431,1
3432,10
3433,8
3434,6
3435,19
3436,3
3437,2
3438,2
3439,1
3440,4
3441,12
3442,11
3443,53
3444,1
3445,8
3446,8
3447,3
3448,1
3449,174
3450,1
3451,3
3452,2
3453,8
3454,1
3455,7
3456,15
3457,2
3458,1
3459,1
3460,6
3461,660
3462,2
3463,41
3464,22
3465,6
3466,3
3467,3
3468,2
3469,2
3470,15
3471,1
3472,3
3473,8
3474,2
3475,1
3476,1
3477,14
3478,6
3479,23
3480,30
3481,8
3482,2
3483,129
3484,5
3485,96
3486,21
3487,11
3488,162
3489,NA
3490,5
3491,1
3492,4
3493,12
3494,3
3495,17
3496,1
3497,2
3498,2
3499,63
3500,1
3501,52
3502,10
3503,2337
3504,2
3505,8
3506,3
3507,3
3508,6
3509,2
3510,1
3511,1
3512,3
3513,2
3514,5
3515,5
3516,5
3517,58
3518,1
3519,13
3520,9
3521,4
3522,7
3523,9
3524,2
3525,4
3526,1
3527,175
3528,1
3529,2
3530,1
3531,15
3532,3
3533,(4th CK)
